1 0.980398501727216 0.985672469615953 0.972158428190169 0.998804558861012 0.977637562494513 0.983497379344591 0.99825083916218 0.950236360277819 0.984861558946366 0.990920307973216 0.990609516192352 0.977575290444679 0.961777176854842 0.952882221446805 0.91807868753128 0.98003173381735 0.999393326314042 0.965745626451365 0.992529691719828 0.994578219249283 0.994501607115867 0.991964014721284 0.994767388870403 0.980985407377232 0.980370324128067 0.996425894807577 0.999490145758493 0.998724520913867 0.979958941109836 0.980146514600931 0.993169984904288 0.974733732041975 0.958422405888355 0.985555301255449 0.992925882397435 0.98841014324315 0.996961183860421 0.960267688987627 0.999315143937928 0.998454961471184 0.896005800378743 0.970201905436676 0.989556687359309 0.983745583844422 0.976353028334695 0.991510091282226 0.979344257151424 0.994251667678054 0.996584911686675 -0.787473869255396 -0.901180660548226 -0.877411713078009 -0.318766992923043 -0.938150670810518 -0.854016833759616 -0.9204649542902 0.498540089277292 -0.876392753911549 -0.102669911418861 0.256970567675467 -0.964974707579947 -0.346444121024676 -0.983292110899366 0.410822124282331 -0.791530675686813 -0.835638772380201 -0.506947667066516 -0.813072538427711 -0.176325141963746 -0.926367631558015 -0.805684600314929 -0.957192331083777 -0.925704075458521 -0.862037962358824 -0.839870698158003 -0.887451870391409 -0.951416045983446 -0.995691700329467 0.454179773679551 -0.0175425810812089 0.1442033227747 -0.441175426716555 -0.976938727885882 -0.704375096102869 -0.847032969074747 -0.887274928741132 -0.771627781658518 -0.638493725336528 -0.347694869563771 -0.628941416726516 -0.982283261266896 -0.528319886427772 0.469127171262758 -0.661499691351498 -0.759907659978103 -0.816941344177293 -0.938779122197385 0.674107531340863 -0.731461189363347 -0.954336992953533 -0.948681440250193 -0.967472093197487 -0.991688940793044 -0.988810589249084 -0.954821053360125 -0.469457516665953 -0.956891579638365 -0.986856207850967 -0.920182975293154 -0.954597865413029 -0.998560971934819 -0.973537457480241 -0.902528602847866 -0.903926342433214 -0.950463233681364 -0.986998190622877 -0.899828403103338 -0.972345706134066 -0.890895037750937 -0.957269698886269 -0.880752426825112 -0.954148957989604 -0.991287292497572 -0.958730451650539 -0.938781501299495 -0.99264750551993 -0.985818090405599 -0.997566584824239 -0.930383786113808 -0.952781537441189 -0.864496501235732 -0.994410457046885 -0.984856375514963 -0.94845446910325 -0.932295759300999 -0.933274280503773 -0.98042546527767 -0.974645027691777 -0.952621569812473 -0.965713740586628 -0.915698901700911 -0.948681440250193 -0.969111624394356 -0.947822336765548 -0.951530085465451 -0.975937345690948 -0.981755864573786 -0.923180516327742 -0.962749569936632
0.980398501727216 1 0.995981949341392 0.9927948227495 0.975387867466864 0.917417164247275 0.983899864873319 0.988142568058015 0.986675884620213 0.998101396399834 0.94834378726413 0.986167899210078 0.999049507487248 0.990246361940023 0.885222606539068 0.823505492335176 0.926230999387256 0.979667265202989 0.903357815818992 0.952043884748867 0.972020363174572 0.960370415698922 0.979719133472807 0.989398934506742 0.977166832524562 0.999448773019676 0.986311887503525 0.976633439813138 0.983112991403564 0.992210364294239 0.997007418231149 0.971172295634436 0.913748920850648 0.883899400748296 0.999128854396255 0.995636643041908 0.958146689782731 0.976498594597261 0.989379503686258 0.986375797711664 0.981789095586114 0.96532490469024 0.987066668659461 0.971977268541892 0.938363594936867 0.998659043386856 0.950465889880726 0.992581403255282 0.954690535591118 0.993268952513044 -0.853126372490552 -0.960290380881927 -0.92261931293241 -0.127703851637248 -0.929857635540002 -0.774059580050048 -0.979414143722909 0.644853004245066 -0.891045237345383 0.0434346008885891 0.438080546175742 -0.943817041269194 -0.185916510982882 -0.963778318234784 0.541996636062553 -0.848559770047547 -0.793711701309823 -0.373741302237215 -0.698376585993495 0.0150210266030125 -0.942307332920666 -0.734606069631832 -0.898249250042374 -0.888617397276386 -0.868604908666738 -0.875992200424935 -0.894608758735044 -0.974990078062925 -0.965109525906689 0.612376652126978 0.176854229919329 0.331799613830916 -0.259524541147777 -0.930286787740662 -0.65062968202827 -0.919152285123584 -0.932538220052587 -0.668190957206704 -0.567205499457104 -0.163857784017055 -0.496120963039878 -0.981880384949893 -0.355724074436677 0.62642100131309 -0.52210461852401 -0.707635896800336 -0.730460425611572 -0.925643372752425 0.797641021416019 -0.59969803246241 -0.974503485678044 -0.895327735929624 -0.988904991526267 -0.984339668770747 -0.995050407565571 -0.979661295175321 -0.343877690593506 -0.973570677587446 -0.960578001339562 -0.976352465507361 -0.98893083457225 -0.975255698495096 -0.991341544528451 -0.822731155038004 -0.867460139576073 -0.974991736680634 -0.996588575223718 -0.964672806159146 -0.976473795214009 -0.788105025569127 -0.989789746810616 -0.827017508241972 -0.96967919205221 -0.959003013094878 -0.995620623847323 -0.976249464811464 -0.966564866367059 -0.982507649928283 -0.984869293206895 -0.957084209447929 -0.966486552179615 -0.937475073964128 -0.981803677378734 -0.965957751234446 -0.905469031676035 -0.962608546586935 -0.966527632221812 -0.99610348666425 -0.965942699102915 -0.982958073318719 -0.9861982476284 -0.948702462437678 -0.895327735929624 -0.996734827339282 -0.981441206509138 -0.968288767346623 -0.923466046453438 -0.993353454266564 -0.957800276309944 -0.949046662581977
0.985672469615953 0.995981949341392 1 0.997270258304062 0.98493438020528 0.932318778991114 0.995940481353687 0.993310313488032 0.988998511446428 0.99639051376906 0.954068515982095 0.995690119861089 0.996173763665656 0.994091190321476 0.889295736746201 0.84287886888315 0.937193983521922 0.985783902653385 0.908350476432108 0.966705397329459 0.970553451569992 0.973445607782906 0.992248982088735 0.993988127364178 0.989429886878602 0.994250203844815 0.994042329342561 0.9807637703706 0.983960551753431 0.998207003827063 0.998488475470894 0.970299366186621 0.931938705132043 0.899335120536963 0.998172335881942 0.994006952048551 0.955557378731161 0.986839449942778 0.99350452308796 0.989694143682645 0.988926003199674 0.952266805181378 0.99583885811106 0.984421497792495 0.958771326055163 0.997216861194018 0.965146398868669 0.99889573277533 0.962277868424149 0.995175006405752 -0.872987776832925 -0.961281132454084 -0.939787744988438 -0.162937526925569 -0.958541897460719 -0.772138821578131 -0.965549827394215 0.63693970727916 -0.921309682673554 0.0601469162126487 0.409184421101673 -0.933505710710401 -0.260169984803366 -0.970136338727162 0.544533311443152 -0.872762241370673 -0.764261300749653 -0.415365595830791 -0.748425343685153 -0.0279193540526707 -0.91404278606857 -0.791209413114025 -0.926876614490699 -0.906020173185982 -0.904911253757282 -0.904044010941894 -0.926856193518853 -0.986796903862159 -0.967759931919495 0.555822678654942 0.135987456715311 0.287526579758269 -0.313698779646276 -0.934247167100216 -0.612856376106622 -0.881235703074358 -0.947890464785971 -0.727263316256279 -0.532879752245739 -0.187476950827337 -0.503161036166178 -0.982755281489259 -0.406929086697138 0.60872456471192 -0.529675076218082 -0.687719049755343 -0.721765636389301 -0.953897219325016 0.78518644605776 -0.608532650853486 -0.954542835293548 -0.888668439649718 -0.995617007242795 -0.982053156578976 -0.989675926116328 -0.989115458531568 -0.323778108019852 -0.985343081079856 -0.977780595197418 -0.966340361908659 -0.98139958957299 -0.984400418848354 -0.995218996853414 -0.821520475720626 -0.852234649196606 -0.961465173673235 -0.996458480737434 -0.958708649123368 -0.991442440213592 -0.816802018043574 -0.986728833654086 -0.808548748116661 -0.984321212097254 -0.972683634673338 -0.986814741166186 -0.981232647838304 -0.973406132016643 -0.973639133705692 -0.985452950719098 -0.970936226571556 -0.982987671985764 -0.936408148484567 -0.98143164238955 -0.976618655127631 -0.913176484848347 -0.975354871740248 -0.943594666220453 -0.9897387994283 -0.953392927248943 -0.986587844809499 -0.98148273920221 -0.952592724819702 -0.888668439649718 -0.990818053375071 -0.969981389674717 -0.970080349405808 -0.942210350045308 -0.993266403650653 -0.932189772092508 -0.932456155789243
0.972158428190169 0.9927948227495 0.997270258304062 1 0.97239919128938 0.907491718129278 0.993286647734528 0.984041390040096 0.99643970207863 0.993712070062001 0.932315936703937 0.991796194859085 0.995581709853134 0.998881909217379 0.855481722293309 0.806664122954055 0.910722313312738 0.971492261750071 0.878374782259102 0.949715270367405 0.953759928619661 0.956761156500182 0.984227428804012 0.983327011155504 0.989311130431684 0.99126585497427 0.984231021144567 0.965832496635401 0.969469364374977 0.998971823290123 0.998475474168409 0.950233658255463 0.911395239839568 0.870302279264364 0.994849961773851 0.984434829469576 0.93283821433532 0.977110782184296 0.998539754848225 0.978224607826237 0.976004346172536 0.962765156131407 0.998628084996158 0.971740379123311 0.944134426133596 0.995439953055153 0.949728480052592 0.999194982560304 0.942770239852855 0.986195186950671 -0.899353228429916 -0.97691695479439 -0.956198610015843 -0.10473225224532 -0.962047232914365 -0.72311776971522 -0.972821075079682 0.686133892949128 -0.929703430796238 0.122810512246073 0.464094870278823 -0.917470275842661 -0.225936194700624 -0.951013607925916 0.578577299848769 -0.900339977397524 -0.722629951223758 -0.361243969794433 -0.724473889101575 0.0328276247415622 -0.900074686202713 -0.788662771122341 -0.907374167030386 -0.880389482984503 -0.915749775751226 -0.924978002566006 -0.935200887155393 -0.994105959393553 -0.947861942463699 0.586796843318268 0.194620810604942 0.342364018032519 -0.264204712740567 -0.905669974264859 -0.562903191687468 -0.883410709158449 -0.964498161408371 -0.708655570210809 -0.475723023214283 -0.12512028392408 -0.438724282269632 -0.968825109971807 -0.357150679357908 0.656852617289649 -0.468438343809315 -0.635716838555996 -0.669571606422139 -0.950599770473264 0.815006681490636 -0.551831906645665 -0.946875349025531 -0.858050817760856 -0.99941505384988 -0.966140012053212 -0.982190200097103 -0.993193307136982 -0.262447076579594 -0.985182910962658 -0.965004216170162 -0.978002527024689 -0.986691308414793 -0.972524406529041 -0.998393132697821 -0.786861442114919 -0.832300042466506 -0.962342362665543 -0.989206077908181 -0.970874610582315 -0.991254232681025 -0.780092143160929 -0.993087954198703 -0.77593244854289 -0.986521827733262 -0.961789443577664 -0.988988227391678 -0.986492351660801 -0.962348759105494 -0.961388588363009 -0.973804491593154 -0.975283128252561 -0.986350310272863 -0.954174469544398 -0.970748775598898 -0.960702740285135 -0.882426161958509 -0.987685784824622 -0.941283497836167 -0.981300001018734 -0.938346525467958 -0.995452862370116 -0.984176625497078 -0.968424761945701 -0.858050817760856 -0.992234479069838 -0.974549804303537 -0.977352843961372 -0.927252742055159 -0.992657343435357 -0.929402848013791 -0.90961666322263
0.998804558861012 0.975387867466864 0.98493438020528 0.97239919128938 1 0.980320542697433 0.986979609896173 0.997518809566657 0.949824832420279 0.981335255314378 0.98917547945028 0.992861115396535 0.973599149279383 0.961834366337241 0.948888208784182 0.921985177231117 0.980201558641227 0.998419656502677 0.962778703880219 0.995914760999233 0.989656644447156 0.996912635276539 0.995046430595021 0.993229412237287 0.985351900966547 0.974882403257986 0.996764149411959 0.997598063577799 0.995062506504311 0.98084905242208 0.978542065494784 0.987756886866832 0.979957371681881 0.961111169148469 0.982216230805238 0.988363236717906 0.981999558524369 0.99902434045947 0.96048211496491 0.997358170800152 0.998121412727006 0.887655158217269 0.972635167517685 0.991800105977775 0.990581177757743 0.972735919702255 0.995289102471697 0.98023008568628 0.993732520531551 0.994081466638536 -0.798355682585053 -0.901001853997913 -0.885623541161921 -0.330565925932111 -0.951246105868717 -0.844523831512064 -0.911465669095004 0.498286543215458 -0.890329113203712 -0.0875071206996997 0.246971372509838 -0.956094918187188 -0.380308545006991 -0.981348125118089 0.412839496298303 -0.805109957084063 -0.813246639529778 -0.519592954703746 -0.835131891681932 -0.191356030267354 -0.907903950949884 -0.833574818277096 -0.967429542979517 -0.928339795822268 -0.879743781002766 -0.85465554735099 -0.902639560580415 -0.955992806372456 -0.992359579261966 0.426696055325346 -0.0324762180199911 0.126905823891543 -0.463114704534764 -0.97304102712114 -0.676991261296192 -0.82518651408845 -0.894670227548057 -0.798616454669411 -0.612013923800853 -0.352767463038618 -0.622977664340275 -0.978059573778029 -0.548250863702066 0.463607250489532 -0.656773537387027 -0.740198520561448 -0.803949341378769 -0.950360791263042 0.66816913283474 -0.727881377520738 -0.940916440324392 -0.939750690987573 -0.968963295483648 -0.985864274077051 -0.982819735074173 -0.957505859469764 -0.451487945568023 -0.960077937505102 -0.991707943523129 -0.914103023281102 -0.949215325498096 -0.999714461720114 -0.973734566410399 -0.896544577574179 -0.89270261581991 -0.941768442274985 -0.983338980973999 -0.895359442264538 -0.977586595974613 -0.899453668046335 -0.954288497927439 -0.866003539188609 -0.959263197256691 -0.99521057774714 -0.951919564104303 -0.939078801964102 -0.993058521501118 -0.977583437651904 -0.994289817709158 -0.935120591729659 -0.959112382560891 -0.863238470027987 -0.990909418064822 -0.985607274541878 -0.945671924971216 -0.938155888343369 -0.919095636573557 -0.97332008224344 -0.964340286524654 -0.953428392126262 -0.96169419202356 -0.91813673489464 -0.939750690987573 -0.963897895930596 -0.94049516093464 -0.951771914005886 -0.98227799999664 -0.97953674894746 -0.907600159416362 -0.949055772261817
0.977637562494513 0.917417164247275 0.932318778991114 0.907491718129278 0.980320542697433 1 0.940910614695098 0.965364704096202 0.870106479378731 0.926963100321819 0.993123954745235 0.951276915603313 0.911693173141807 0.889822816264649 0.984927288814633 0.980280194146491 0.997177043477733 0.97813016461259 0.990451881109857 0.992878515737991 0.974607839086025 0.989084512072856 0.962998358402283 0.95939034090779 0.939728665218904 0.917135535049824 0.965124094016613 0.980277936713271 0.972412146022731 0.923410441083789 0.918911508323389 0.975746078469286 0.995687908157239 0.996114040656017 0.928202331565814 0.948149008435687 0.978878876490131 0.974401651447385 0.887823106438824 0.969528260659795 0.974248472029474 0.785144797947397 0.910174483206145 0.968459255200985 0.988653766314668 0.911455218288954 0.991062204576552 0.922594193896732 0.99296653710524 0.957114780701646 -0.685417394592155 -0.799306476945497 -0.793157309774754 -0.507798158742927 -0.906183483254967 -0.910132913131561 -0.818447052281437 0.320563721267602 -0.826984558314472 -0.251158897729477 0.0517781617780329 -0.941205366107527 -0.507694902931843 -0.966693771985783 0.265172297577992 -0.696536965158307 -0.846873745334558 -0.642408419195276 -0.898257944180562 -0.377932626487716 -0.867666930799074 -0.843826448190102 -0.980921268921403 -0.934983320924786 -0.81990952031299 -0.765106760430211 -0.84396623575871 -0.884872235037869 -0.985890752320987 0.264379396582718 -0.226847226594016 -0.0664308961843049 -0.617684571899858 -0.987714973570058 -0.734411616951266 -0.733104979445594 -0.801580894728987 -0.849801444884229 -0.692256780265618 -0.528463492439142 -0.752201606387553 -0.94493629721468 -0.692673633770264 0.281245709380278 -0.785683169991385 -0.795018954326017 -0.8796160468853 -0.915755326479938 0.51826897222266 -0.843243752640307 -0.889348832328125 -0.963215458510818 -0.902491693108957 -0.959398311165295 -0.938367161956739 -0.888813171842253 -0.581663762951054 -0.901290753789425 -0.974448246551892 -0.818281737624611 -0.873541033401738 -0.979306649989047 -0.910322526850426 -0.944735110137735 -0.895862945374171 -0.87809968412652 -0.936087482957134 -0.79368503730622 -0.926721017891803 -0.964845396414337 -0.878403348702667 -0.895770295819877 -0.898808179976131 -0.9801979479206 -0.877553489319807 -0.861312104153925 -0.974168420572787 -0.945127346793849 -0.966711825977147 -0.865787566838663 -0.898697982293388 -0.751483674942093 -0.962472163143813 -0.966878268058119 -0.961203542168624 -0.857965825810681 -0.853960511591911 -0.923685888255812 -0.939323037435457 -0.876333475180238 -0.897752689782915 -0.833719501496055 -0.963215458510818 -0.896165759006031 -0.866620534445572 -0.88602781812077 -0.986138273314074 -0.92423253722456 -0.842637825781756 -0.936443718354953
0.983497379344591 0.983899864873319 0.995940481353687 0.993286647734528 0.986979609896173 0.940910614695098 1 0.990680149365512 0.982744644322526 0.986377210067634 0.952976072586019 0.997041904422423 0.984956319883439 0.989486757251471 0.887901442969471 0.857379643836595 0.942122145634968 0.984634709077089 0.907357664465041 0.974327054108658 0.961737956102154 0.979562375262937 0.997176611793379 0.991198635697592 0.993152269180768 0.980863641973859 0.994234931816889 0.97749907120185 0.977431696843552 0.995773467721139 0.991582990377607 0.962706560692557 0.943277654764648 0.908837929669593 0.989074173978072 0.984775951887975 0.946325956370719 0.989377389607317 0.989193832536033 0.985362679686422 0.988749830983616 0.930979801846151 0.996267044062737 0.989871102265912 0.971967720796501 0.987763161589767 0.972507494900597 0.996921871810566 0.962859314093718 0.989319704544201 -0.884713362760455 -0.953548774245554 -0.948736308974418 -0.199844364722783 -0.979257669675755 -0.767442440013731 -0.943332597577952 0.621161203599399 -0.944323967050052 0.0737302731895687 0.373805483441927 -0.915526107654441 -0.335215358871014 -0.970226239617262 0.542639971691083 -0.888506333296803 -0.730793499984604 -0.458821754108185 -0.793510437808786 -0.0747355556750893 -0.878492775204949 -0.841329513643059 -0.949330923088448 -0.918773917833568 -0.933726472382879 -0.92374174897336 -0.951586132963494 -0.990099741820311 -0.963514099307965 0.492529152566044 0.0903671115265257 0.237179746828421 -0.368394610974725 -0.932425569421947 -0.572764392369761 -0.835615229288261 -0.954792768671247 -0.781809876690207 -0.497605092034873 -0.212805409708031 -0.510641500714161 -0.976899594905723 -0.458067790822986 0.583467727422729 -0.536613453054851 -0.666422966264604 -0.710532613068371 -0.975126793503048 0.765395862552498 -0.615677622336995 -0.926611031641015 -0.875956031975759 -0.993893294085997 -0.972833356144888 -0.976298081454647 -0.990496573937935 -0.303757553871683 -0.98956851355118 -0.987973939781041 -0.947346912355956 -0.964957985458694 -0.985914185699154 -0.99040417374797 -0.814676572761701 -0.829695833339852 -0.93909018383014 -0.988739607543396 -0.94443934468624 -0.998428461980419 -0.841195015853958 -0.974743101883213 -0.784292020444361 -0.991162782041468 -0.978553347734768 -0.969616553330541 -0.97831478712918 -0.972289053514076 -0.957035231848669 -0.978282251459173 -0.977227065927359 -0.991541368937329 -0.927010021658081 -0.97311698397309 -0.98072563890254 -0.916100232415926 -0.979232555246952 -0.912301914764251 -0.97591773074892 -0.933265006943318 -0.981216930617313 -0.967828230343439 -0.946754017120992 -0.875956031975759 -0.97635381043698 -0.949539406698629 -0.962521408494741 -0.95349942861994 -0.984584353126915 -0.898290110237387 -0.909299229032633
0.99825083916218 0.988142568058015 0.993310313488032 0.984041390040096 0.997518809566657 0.965364704096202 0.990680149365512 1 0.966279361022987 0.992397491810589 0.981788451545381 0.99638434023674 0.987095480246023 0.975602645201701 0.933531912048815 0.895245865664794 0.967242741035122 0.997244492067197 0.949377673428783 0.987103657619678 0.990024893906208 0.989860005724712 0.994727791006098 0.996177568669287 0.989148984611091 0.988077652191381 0.998051966648125 0.996460752319833 0.996501086980479 0.989943027286551 0.989845652591122 0.986831128068734 0.965081795339189 0.941999309728256 0.992823600603471 0.99536774416571 0.979432617174372 0.997675730466489 0.974317297371912 0.999336794385543 0.99751587656758 0.915880853868106 0.98201948202995 0.989006269040476 0.979510492546554 0.985389463017533 0.986920201736294 0.989192208602622 0.986929226783076 0.998996404153305 -0.817850403379043 -0.924020778131233 -0.900228415422554 -0.268910212317603 -0.948869591919915 -0.823260212802025 -0.937434154572262 0.546721740815272 -0.892167762630048 -0.0494984260797702 0.308818788806878 -0.960079432592442 -0.317183672393434 -0.978276953716791 0.448707245809357 -0.822007425245529 -0.811105606127325 -0.467977334977555 -0.796650638710005 -0.124470379614755 -0.925128866351607 -0.806997551224406 -0.949066183391864 -0.915379547699552 -0.878675543209281 -0.86483855111912 -0.902594870923841 -0.966692036736457 -0.988778400651036 0.488982925480828 0.0348492303089863 0.194633985390944 -0.399872605232736 -0.963163261919469 -0.672017224835319 -0.860063509382377 -0.910143795347072 -0.759954068439285 -0.599758325229696 -0.295564761756707 -0.582269728953546 -0.981978083598989 -0.488324342118245 0.516927051708 -0.616224834122708 -0.728395095087992 -0.782787427738076 -0.945000996605135 0.709561642696827 -0.690312690264697 -0.958088148057556 -0.931903470756188 -0.980202358863742 -0.989276513356935 -0.992523169988147 -0.968217789689911 -0.421981062760331 -0.967123790317452 -0.985624457805727 -0.939672315282374 -0.968412377702502 -0.99763367291686 -0.985318951976707 -0.880501508431941 -0.894181371751333 -0.960113930962982 -0.991628495145556 -0.920753342123449 -0.981516912372597 -0.867377268926722 -0.971871377814907 -0.861305796527316 -0.965818625373014 -0.990213930267921 -0.970968609678095 -0.953806462841146 -0.991647443076718 -0.985402220602294 -0.997280778478369 -0.944305336707365 -0.965051620391364 -0.889682591188116 -0.994590286206303 -0.982113849404875 -0.933917625906743 -0.951153055521519 -0.941190910168322 -0.984512705129762 -0.971626843117987 -0.968916953041882 -0.97677544582402 -0.936041735586647 -0.931903470756188 -0.980176273971237 -0.960772915055411 -0.965215745697861 -0.97052111846295 -0.990403322855722 -0.930685118628162 -0.95425987586751
0.950236360277819 0.986675884620213 0.988998511446428 0.99643970207863 0.949824832420279 0.870106479378731 0.982744644322526 0.966279361022987 1 0.984685012220021 0.900017526964014 0.977649483033718 0.990288023216588 0.999111693511032 0.812349537515634 0.755880126018525 0.875811705359207 0.950103429948451 0.837285498036056 0.920954506224456 0.928352409770274 0.930855238756146 0.968099785754042 0.968527227014965 0.975709074215534 0.984282212247899 0.96775247364309 0.941988624773848 0.948276086704097 0.991697691481073 0.992163353210181 0.926417387794523 0.873721083364977 0.82651598899565 0.986519622190943 0.971336734262137 0.90442004861775 0.955754989704439 0.999210151833282 0.958695036384814 0.956411491749078 0.978689267487039 0.994742529180841 0.953960238969457 0.914439152066536 0.991615372576839 0.920195159742137 0.992774935105443 0.912262945804582 0.970893208809948 -0.924219580942093 -0.991303766067869 -0.969644055013422 -0.0220273517632684 -0.952492459861748 -0.67664648209382 -0.982997724465015 0.743572389624806 -0.933591846343574 0.196744732011536 0.534990815787155 -0.889374995754212 -0.169681226572161 -0.931587877711899 0.637838239227503 -0.92165649785523 -0.684389996969028 -0.310117907865844 -0.673239975725994 0.109223306726086 -0.885709404239438 -0.758954535015984 -0.875302140550495 -0.858506740904553 -0.917061255419443 -0.937096293711999 -0.935447693019856 -0.99432216433329 -0.920512761185481 0.636636914850212 0.27159865535812 0.412381530221 -0.190261533616699 -0.872581676056765 -0.519070996318358 -0.893715207590742 -0.976975001618674 -0.666827047885556 -0.426567545988757 -0.042394479956025 -0.374147391928607 -0.95650399943541 -0.285759447476409 0.717266337580933 -0.398780960280268 -0.600014866096609 -0.618053439521238 -0.940126875101396 0.860295032591877 -0.484540850087399 -0.936093245265413 -0.81768231065307 -0.997021264400587 -0.948916927363108 -0.96896539799914 -0.994057995343888 -0.19224635468745 -0.983588460924137 -0.944319774365004 -0.986893756077605 -0.985420682630444 -0.949647344502845 -0.992790263045738 -0.735606269746361 -0.795522317293544 -0.954285516819017 -0.980102667683293 -0.986674402604182 -0.98354484251906 -0.729162433901757 -0.992308875044305 -0.732075221554515 -0.984819205449546 -0.935503235589257 -0.989521422432746 -0.992633398789527 -0.936744859523768 -0.942675833144451 -0.953333558896625 -0.979424585826301 -0.984060067206152 -0.975642600806799 -0.949683802021655 -0.942464610751407 -0.85418603540256 -0.990981963584137 -0.935499898367971 -0.973515805685237 -0.91600090568701 -0.995585843900387 -0.976735227958057 -0.968718293759478 -0.81768231065307 -0.988718827160172 -0.971529634659175 -0.969391441881887 -0.892999625748223 -0.982802196421668 -0.923580943651311 -0.885237566418493
0.984861558946366 0.998101396399834 0.99639051376906 0.993712070062001 0.981335255314378 0.926963100321819 0.986377210067634 0.992397491810589 0.984685012220021 1 0.956012198524195 0.991750630458861 0.998972792535858 0.989062153235339 0.892749566423085 0.836290399348645 0.931337998727516 0.982553193547723 0.912564784948078 0.959971554015458 0.977637243140519 0.965366890069482 0.982776973706402 0.988641799960049 0.986117034715624 0.998916635950231 0.988206273921861 0.981916951942732 0.986031660287285 0.995179168773287 0.998375121199603 0.971195540600367 0.928132261877559 0.896460140547938 0.999404509756128 0.994646976214454 0.960887806226691 0.984060443158727 0.987925826925654 0.990448718999925 0.983972214330654 0.953740216773925 0.988055217031791 0.971832644379027 0.949556093535524 0.995383953689927 0.961073128349106 0.993986612538804 0.962534097806472 0.995221555222944 -0.846208022137384 -0.954945737609219 -0.917920385421095 -0.156263684349567 -0.936773981444817 -0.769768124091508 -0.971011332720177 0.628861432900554 -0.88760901012501 0.0242085808537445 0.415820191410401 -0.954480706125258 -0.205897798364854 -0.959010973529221 0.506511913131361 -0.846804362772087 -0.790485509762762 -0.367439653881874 -0.723198360964642 -0.00334232561261665 -0.940784116811495 -0.75706170384849 -0.906258066452584 -0.878861030496828 -0.870502020938106 -0.877150536261022 -0.895212135256597 -0.97596209412572 -0.969195186068902 0.589874816534944 0.154274538878708 0.312611378187153 -0.284854296080654 -0.931534428049902 -0.646364639757466 -0.907575367180625 -0.929320857888105 -0.687176056190735 -0.561344591539207 -0.188703230785073 -0.496794061837152 -0.974938471984041 -0.377430706627873 0.606770910334069 -0.532159125268728 -0.689403767321607 -0.729501575760186 -0.926104009553327 0.773878690522183 -0.611442849553308 -0.974797135825803 -0.904134943514894 -0.98944509914918 -0.981267354644915 -0.996908310045831 -0.976451518485564 -0.358197385678963 -0.968342399096514 -0.963371043913997 -0.97402764274224 -0.991185406606181 -0.982337794488482 -0.995237732584677 -0.839801213211683 -0.884959829256869 -0.980995679731245 -0.993318735585733 -0.95442050549489 -0.978120754025284 -0.799821034912978 -0.992220886330648 -0.839260298657437 -0.966965782811306 -0.970874774312191 -0.992337482905972 -0.968572474284255 -0.978061158559557 -0.985938427164447 -0.990127898490434 -0.950010794934123 -0.965607566089284 -0.926472581070725 -0.988955082542367 -0.962944731879303 -0.898339368293392 -0.965537611027472 -0.96723410567453 -0.990550262561344 -0.970996476820625 -0.986509118133521 -0.992590314601429 -0.960034416057192 -0.904134943514894 -0.997108372241844 -0.985379124667692 -0.979896155368237 -0.939939272019532 -0.998417584848976 -0.958329971175739 -0.948279707754878
0.990920307973216 0.94834378726413 0.954068515982095 0.932315936703937 0.98917547945028 0.993123954745235 0.952976072586019 0.981788451545381 0.900017526964014 0.956012198524195 1 0.966160558479439 0.943240263051886 0.916358754245758 0.983955467040686 0.958263014858862 0.993491731557601 0.989586240266944 0.991718615711836 0.992226218999639 0.993845060131593 0.990305678189053 0.970874584661489 0.974782445666962 0.954108595746916 0.949844255712602 0.977626806966018 0.994036019064078 0.990235090876176 0.945408163322189 0.945740186388034 0.991118872494782 0.988381373035744 0.985341435935163 0.955663351548291 0.971953794592966 0.994654389952241 0.984464072313801 0.914111713471821 0.986650843442384 0.985320472283849 0.83354020667404 0.929671334996721 0.972577965430862 0.982752255491845 0.93992429879318 0.991839259761821 0.94364394257888 0.99928657229873 0.977449239631989 -0.702004816870234 -0.834974618568399 -0.808738953766023 -0.434715903378037 -0.901353039826423 -0.901157629525591 -0.866608946180655 0.378606443557109 -0.820644072180011 -0.231719376671289 0.132152380513648 -0.971728549888192 -0.403423454510961 -0.972900646766534 0.294234564628091 -0.70940004875511 -0.87697541535892 -0.565435193865036 -0.845628444556455 -0.288022151953349 -0.919267399988201 -0.798126214329891 -0.96012432960598 -0.920469796689013 -0.808120102452116 -0.770145264023663 -0.835966773650502 -0.903347871480738 -0.997608675130276 0.367315292143419 -0.136959436650042 0.0300491094247295 -0.53062310849933 -0.990594727728802 -0.764824446445044 -0.804819814676721 -0.820029959297183 -0.78793474022049 -0.711043359557627 -0.467121338168255 -0.715001251892073 -0.961406363948524 -0.611158674521334 0.349313864147724 -0.75228740063055 -0.801667341346159 -0.876069302232595 -0.905712394401316 0.571971288773751 -0.813828432645773 -0.936287114364071 -0.977902924866039 -0.925138004334164 -0.979106446056594 -0.968568959508239 -0.907423207024739 -0.57743289963838 -0.913752066768431 -0.972896638224662 -0.865625805292816 -0.914760551373001 -0.989275241691814 -0.936628027774006 -0.94943891556228 -0.928729329012992 -0.923890949479684 -0.959260114665738 -0.834784991615053 -0.93652261054682 -0.929992445744157 -0.914961243069574 -0.922093880460245 -0.909669952892301 -0.985656540539608 -0.917503532465233 -0.88528789272942 -0.987972859691635 -0.976305190686522 -0.987191334991116 -0.87794533035398 -0.908294211990314 -0.789466685766714 -0.984985613314485 -0.970354148184415 -0.955972142361752 -0.878620935469527 -0.907915296187157 -0.953238904942445 -0.972908975254113 -0.9064317715447 -0.934442461787244 -0.868472719335102 -0.977902924866039 -0.932751335068175 -0.912196985746607 -0.918233931626112 -0.982505985067618 -0.953085327305655 -0.899247699785886 -0.968285792397978
0.990609516192352 0.986167899210078 0.995690119861089 0.991796194859085 0.992861115396535 0.951276915603313 0.997041904422423 0.99638434023674 0.977649483033718 0.991750630458861 0.966160558479439 1 0.988012766998812 0.985173328430002 0.905404257766449 0.872059290676744 0.94998418581855 0.989435418275467 0.925279223968103 0.980595036175308 0.975665913507007 0.98311131799961 0.996170343777597 0.991389632957412 0.997440771609791 0.985564893635932 0.99544427027415 0.986798134999279 0.985797115842788 0.996426967906471 0.993421893063261 0.970160352128256 0.956320462152325 0.923817360660218 0.992099989254088 0.988453817032753 0.959073174258511 0.995956619481714 0.984286284035604 0.992686405680378 0.991604302462757 0.923033555673209 0.992019397062222 0.986233856750335 0.977867490413732 0.986201096606407 0.981673877852356 0.995537085839316 0.974399197090628 0.994197023217699 -0.856297772163218 -0.942722551103674 -0.927826326944305 -0.229503216579032 -0.969103682624023 -0.778302689842894 -0.940859775065436 0.592783827824479 -0.918673495690934 0.0205648405134266 0.349465237377833 -0.941356073447102 -0.321605764440713 -0.966630364867584 0.487166305652586 -0.863369471169009 -0.758970863368905 -0.439577649780431 -0.799480114368453 -0.0870983720521178 -0.900211740929443 -0.833883988502379 -0.947190067648221 -0.903448639797269 -0.910076069651279 -0.901682676337002 -0.929725454387704 -0.982520101695839 -0.973701133068467 0.493155510451845 0.0721317402502315 0.226707659404504 -0.379180989124956 -0.940652512734271 -0.607350026903636 -0.846363779052084 -0.936891450049386 -0.772943255912211 -0.529907629744295 -0.246667051955614 -0.525994034593819 -0.972696520671083 -0.466440893407803 0.557210152150378 -0.562508028479741 -0.672382734212486 -0.730898318006532 -0.959103700617155 0.735997081185996 -0.641641163099189 -0.943373485369581 -0.901208160250929 -0.990146966963608 -0.976143563706198 -0.985411269859711 -0.980146804525156 -0.353024206483521 -0.976375758152463 -0.984915489219255 -0.948708150174651 -0.972293603166705 -0.993294856206045 -0.992919133582211 -0.847815261427302 -0.868384009883569 -0.956333761409671 -0.987899433951264 -0.933023740012526 -0.991783757875688 -0.848509577224413 -0.979056122411338 -0.822121871900261 -0.978558379203836 -0.988669506651708 -0.971739928441684 -0.964946212747372 -0.986482929090625 -0.971781190360229 -0.988942390615801 -0.959031530874778 -0.979681122649981 -0.909788604754024 -0.986500988666959 -0.975583457832692 -0.911940885366892 -0.972031741878081 -0.929981992791841 -0.976647483759382 -0.95325726971649 -0.981810030220416 -0.979257883691525 -0.954903208640958 -0.901208160250929 -0.981392125926131 -0.961771624509398 -0.974886528616721 -0.967202348996948 -0.992265236552447 -0.91763520174464 -0.926864210167723
0.977575290444679 0.999049507487248 0.996173763665656 0.995581709853134 0.973599149279383 0.911693173141807 0.984956319883439 0.987095480246023 0.990288023216588 0.998972792535858 0.943240263051886 0.988012766998812 1 0.993041333764188 0.874718759853579 0.814047851707558 0.917931520213204 0.975831044521223 0.895262247475681 0.949100458020232 0.968270067318877 0.956333371062717 0.978669930009845 0.985621031256482 0.982067784509324 0.999170543681199 0.984014093909194 0.973539035779507 0.979228325437805 0.995002618746253 0.998804144899554 0.963615994604517 0.911931191675049 0.877573830260711 0.999028705835111 0.99226779597585 0.950574995318228 0.976619126259132 0.992164801881108 0.984295209165287 0.978251798449335 0.966236042707881 0.989885945595389 0.967524642376989 0.937794023432165 0.997728888617823 0.949344112854216 0.994506109252062 0.950642563525172 0.991390423402606 -0.86268196650112 -0.966032151724904 -0.928863996106797 -0.114413501045936 -0.935356430009698 -0.751784920083039 -0.98028599108288 0.660383877126848 -0.894233306635639 0.0626403513059404 0.453276269030518 -0.942538923686996 -0.17937769258571 -0.954564105671656 0.54247136351693 -0.86081282100012 -0.775248970550122 -0.347722393628412 -0.699108992313177 0.033953637540451 -0.936830151332612 -0.743704274097693 -0.894121913747251 -0.874307785443212 -0.875072479410313 -0.886597884544599 -0.899485904516728 -0.979750089372794 -0.959328800898771 0.617336139365312 0.193265868665985 0.348196034943031 -0.248757589680002 -0.919462480356271 -0.62794712385906 -0.916470958313018 -0.939516780715198 -0.668709011061965 -0.540582790651127 -0.147267932709608 -0.46884093283395 -0.974055663216863 -0.343425825511144 0.639949481676873 -0.500232655513137 -0.678132888432373 -0.708186341731879 -0.925427932822899 0.801617461171036 -0.580615376076351 -0.972556755126797 -0.88681778360027 -0.991985027332257 -0.977305810883456 -0.993815040084867 -0.981250512500229 -0.323662737752227 -0.972435578740755 -0.957297477595319 -0.981702338308926 -0.993446463620463 -0.974237766374906 -0.995586975129384 -0.815850659547268 -0.86730412952296 -0.979175877008405 -0.99326100694087 -0.966849197783998 -0.978234462321977 -0.777897554675666 -0.994830168110704 -0.819054057598317 -0.970626365774332 -0.960408337109007 -0.996437813816859 -0.976472957868777 -0.967775647707687 -0.979856301346898 -0.983222419588667 -0.957106758753281 -0.968708439961144 -0.941727059133543 -0.981381631555284 -0.958874601279476 -0.890095980077928 -0.970373738587869 -0.967097742385135 -0.991312648156836 -0.962752553006718 -0.989533768920384 -0.991320045700104 -0.961579659821759 -0.88681778360027 -0.998762785389601 -0.986361176358986 -0.977575920864484 -0.924984959900213 -0.996459690000235 -0.95808726730202 -0.939977557227696
0.961777176854842 0.990246361940023 0.994091190321476 0.998881909217379 0.961834366337241 0.889822816264649 0.989486757251471 0.975602645201701 0.999111693511032 0.989062153235339 0.916358754245758 0.985173328430002 0.993041333764188 1 0.834408877973141 0.782518252358562 0.894935890598726 0.961899384445767 0.857880955893602 0.936406766775956 0.940629966947748 0.945378384571529 0.977779445885995 0.977568322114056 0.982332825356454 0.987794706879106 0.977354689748976 0.954203392057944 0.959303788377153 0.995776039534053 0.995606885397754 0.939466532178259 0.892648945719543 0.848932436197851 0.991065150771289 0.978746818445316 0.918998301455229 0.966748571975712 0.999968564705533 0.968801531429354 0.967553442278124 0.971842833682685 0.997873444852718 0.965422592031207 0.930196784690828 0.994641156917682 0.935320626019799 0.996865139660353 0.927812635670244 0.979117983378078 -0.915260143695704 -0.985290152507154 -0.965960488449722 -0.0634500925490231 -0.959508602533709 -0.703061692752113 -0.97829262917268 0.715934871158963 -0.936374141500084 0.16396246672384 0.499137003075059 -0.900601575860894 -0.203957648303677 -0.944482133260962 0.615934257170908 -0.913722735489297 -0.702617619332236 -0.34494531117012 -0.700534921748519 0.0674571392090301 -0.89064451960486 -0.77601573840757 -0.894254557296811 -0.875487348301073 -0.920499261451885 -0.933837054314554 -0.939329017663441 -0.995599050258241 -0.934784404611039 0.608917148455486 0.230985377852219 0.374217923278645 -0.230194833300963 -0.890925748560508 -0.539571036351129 -0.886833071721159 -0.973181163993654 -0.691747777166265 -0.450821323710275 -0.0834345392526886 -0.410082110417265 -0.965463368594793 -0.324968724877428 0.687815593695984 -0.434928618845541 -0.622221647002448 -0.645434542988471 -0.949393709526588 0.840911966616452 -0.519100786901625 -0.939606484549685 -0.836550722635365 -0.999210576038374 -0.959070691433788 -0.975183682133643 -0.995860538311499 -0.224028908705093 -0.987580075367986 -0.957129053191019 -0.981665708282108 -0.984753076754595 -0.961454475833834 -0.995436706809866 -0.758749931347265 -0.808937662819025 -0.955516642709385 -0.986162345046069 -0.980402582323034 -0.9893390062936 -0.757327573699456 -0.991878873342267 -0.75040314358959 -0.988521483724832 -0.948385587603766 -0.989263920450818 -0.992258262184848 -0.948514319571252 -0.951005323777739 -0.963281426621204 -0.981064759239834 -0.987799071166487 -0.96709710052149 -0.959306550555091 -0.954755946995941 -0.872693488441546 -0.99014919801148 -0.935806951892639 -0.97872278503579 -0.925393873610007 -0.995174519176336 -0.978617771671306 -0.966068974408755 -0.836550722635365 -0.990000929896103 -0.970854818731154 -0.970901805164686 -0.909551906761541 -0.986945223547753 -0.923624446276362 -0.896860394926462
